ID: 011234566						OPATRICK HOSPITAL
NAME: Test, Mctest
09-JAN-1999 14:24:23

02-AUG-1970 (28 YR)
Male	Caucasian
68in	142lb
Room:14
Loc:37

Vent. rate	63	BPM
PR interval	160	ms
QRS duration	100	ms
QT/QTc		412/422	ms
P-R-T axes	48	39	38

Normal rhythym
Normal ECG
When compared to previous ECG, no significant change was found


Med: Unknown
Technician:
Test ind: TESTING 123
Referred by: F SIMMONS MD
Confirmed by: STACY T MILLER M.D.

-0.98,1.27,-0.02,3.65,3.61,3.31,0.33,3.72,-0.4,3.19,0.44,1.48,2.53,-0.2,2.0,-0.31,0.79,3.09,3.33,-0.08,2.63,-0.3,0.22,0.34,-0.41,-0.73,1.27,-0.76,2.58,2.79,-0.4,-0.84,3.06,0.11,1.42,1.36,3.87,3.62,-0.87,4.0,-0.43,0.38,-0.21,3.08,0.03,2.39,0.88,0.52,-0.74,-0.41,1.57,1.33,0.09,3.28,0.77,0.76,0.55,3.98,0.3,0.09,1.04,-0.18,0.62,2.32,0.82,-0.52,0.34,-0.47,0.22,-0.79,3.37,0.18,2.35,1.9,-0.87,-0.31,2.66,1.1,2.91,-0.01,2.53,-0.19,3.03,-0.11,2.58,-0.21,0.18,3.25,-0.58,3.71,0.16,-0.87,1.11,0.6,0.77,2.48,3.66,2.4,0.79,-0.49
2.53,3.43,-0.88,2.39,2.59,3.77,0.62,3.42,3.64,1.94,-0.17,3.84,3.41,0.78,0.01,1.13,-0.49,1.81,0.85,-0.37,0.65,-0.11,2.28,2.43,3.7,3.53,1.14,0.09,1.36,2.62,-0.48,0.92,1.66,2.65,0.19,-0.81,-0.58,0.45,0.68,0.93,-0.45,0.21,-0.74,3.43,-0.09,3.24,2.32,3.55,0.12,1.65,-0.2,3.69,-0.93,3.5,-0.08,0.56,-0.55,1.63,2.58,2.97,3.13,0.66,3.2,2.01,2.05,-0.64,3.36,0.76,0.5,-0.97,-0.05,3.27,1.84,1.92,0.67,1.56,3.47,3.53,0.74,0.54,0.55,0.9,1.16,0.77,0.92,2.55,3.53,1.31,2.58,3.46,1.49,0.97,3.32,0.52,1.49,1.45,0.86,3.78,1.9,2.24
3.63,-0.51,-0.09,-0.92,0.58,0.44,-0.33,3.19,3.35,0.8,1.76,-0.08,0.52,0.64,-0.6,1.39,2.6,1.75,2.6,2.04,2.87,-0.52,0.45,1.98,2.46,2.55,-0.72,2.57,2.38,0.35,1.34,1.14,0.16,1.02,-0.26,-0.73,0.37,3.65,3.12,1.5,0.51,2.97,3.82,3.82,1.87,-0.99,2.57,2.94,2.11,2.33,3.03,-0.43,1.41,-0.28,-0.2,3.61,0.86,-0.4,0.32,1.61,2.29,0.75,1.49,0.45,2.47,3.11,-0.03,3.21,-0.26,0.72,2.03,0.81,0.39,2.28,3.37,3.19,3.62,-0.85,3.7,2.37,1.38,1.46,1.3,0.99,0.59,-0.72,1.62,0.63,1.87,3.61,2.94,3.84,1.61,2.94,0.4,2.97,1.29,1.55,3.03,-0.79
-0.28,0.43,-0.9,1.22,1.55,1.6,2.76,1.88,3.08,1.59,2.64,-0.71,1.0,0.76,0.46,2.7,0.38,3.62,-0.94,-0.2,-0.33,0.57,0.96,-0.66,3.35,0.03,3.93,3.86,0.14,2.18,3.86,0.44,2.55,0.61,2.61,2.68,2.43,3.77,2.47,2.35,-0.66,-0.14,-0.55,2.28,0.61,1.95,2.3,1.62,2.93,-0.1,0.75,0.97,0.58,3.54,2.36,0.8,2.08,-0.23,3.03,2.44,1.62,0.69,-0.23,1.18,1.15,-0.95,1.53,3.11,0.24,0.12,0.6,2.46,1.64,2.93,-0.15,1.74,2.04,1.31,0.44,-0.04,2.32,-0.64,0.79,0.28,-0.06,-0.08,-0.95,0.34,0.93,0.67,-0.15,0.32,0.53,1.44,2.77,3.91,3.33,3.03,2.74,3.84

3.8,-0.07,0.31,0.73,3.88,-0.11,0.76,0.24,-0.64,3.69,3.14,0.47,2.3,2.99,3.48,-0.8,-0.01,2.37,-0.23,-0.79,-0.64,0.99,0.92,3.07,0.79,2.07,3.24,2.46,-0.83,1.78,1.6,2.62,3.62,1.26,-0.24,-0.02,-0.16,0.94,1.52,1.43,0.67,-0.89,0.83,0.98,-0.41,0.85,3.24,0.38,-0.29,0.07,3.76,1.03,0.6,0.98,0.33,2.27,3.56,3.79,-0.97,2.61,3.88,-0.17,2.51,2.88,1.15,0.33,4.0,1.35,1.31,3.6,2.5,3.9,-0.95,-0.69,3.18,0.61,1.15,0.23,0.24,-0.01,0.58,0.27,0.79,3.38,1.91,2.5,3.88,1.77,0.46,1.47,3.52,-0.22,1.7,1.79,3.76,2.06,0.69,3.78,1.12,1.39
3.42,1.0,3.32,2.02,2.6,0.57,2.72,2.7,3.83,3.36,1.42,-0.46,-0.98,-0.52,1.72,2.63,3.63,0.87,1.4,0.16,3.54,-0.7,2.94,3.28,3.98,1.45,2.21,0.19,2.56,0.4,2.88,2.04,1.63,1.21,1.78,3.54,2.7,2.42,1.76,-0.82,-0.03,3.66,-0.49,2.19,2.43,0.06,1.88,3.6,1.46,2.44,3.17,1.67,-0.53,-0.42,1.02,1.33,-0.46,1.51,2.23,-0.47,-0.05,1.19,3.32,2.91,1.14,3.7,3.68,3.19,1.4,0.82,0.71,-0.07,0.72,1.62,0.39,0.34,1.21,-1.0,2.81,3.76,1.27,2.42,2.99,0.22,1.93,0.5,3.92,3.89,1.48,3.49,-0.41,2.71,1.38,1.12,3.63,-0.29,3.9,3.4,-0.11,-0.6
-0.9,0.99,1.45,-0.41,3.2,1.55,2.75,1.84,-0.01,0.69,0.46,2.15,3.75,0.54,1.85,1.11,1.86,-0.95,2.17,1.44,2.02,3.86,2.1,3.79,3.46,0.26,1.45,-0.14,0.64,-0.2,2.63,2.67,3.17,3.91,-0.61,1.21,-0.86,3.09,0.6,-0.01,-0.67,3.31,-0.47,-0.81,-0.8,3.46,1.0,-0.7,-0.92,2.47,2.85,-0.07,1.36,2.79,2.0,-0.76,-0.65,0.77,-0.17,0.95,1.61,0.61,1.25,-0.51,-0.03,2.99,0.22,2.37,0.43,1.79,3.42,0.69,3.63,0.04,-0.96,1.89,3.59,2.68,0.95,2.37,3.55,-0.02,-0.39,3.86,2.89,2.31,3.46,2.07,-0.08,0.91,0.0,3.47,2.03,0.3,-0.15,2.41,0.84,1.42,1.46,0.53
2.02,3.62,-0.64,-0.36,0.94,0.93,0.36,3.93,-0.21,0.43,0.44,1.46,2.58,2.75,1.18,0.93,2.8,1.6,0.19,1.5,1.06,-0.33,2.24,0.22,1.02,3.14,3.81,-0.22,-0.62,-0.8,0.84,-0.92,1.68,3.65,0.13,2.7,1.44,3.05,1.33,1.05,1.49,-0.74,2.61,1.43,-0.67,-0.79,1.4,0.11,0.05,2.26,1.78,-0.43,0.39,-0.68,2.67,2.77,0.97,3.5,-0.44,1.13,2.42,1.79,0.04,3.75,1.56,0.36,-0.33,0.17,0.57,-0.07,1.34,2.78,-0.32,1.54,0.37,0.78,3.22,2.91,0.58,-0.08,2.62,-0.72,-0.31,3.75,3.91,-0.27,0.38,0.55,1.51,-0.82,1.82,-0.16,1.62,0.68,-0.58,0.01,0.75,1.5,3.61,-0.85

2.34,3.24,3.81,2.74,2.0,3.73,1.41,-0.22,-0.95,3.44,3.79,0.19,3.53,1.4,-0.74,-0.72,2.13,2.47,1.77,2.06,0.24,2.85,1.73,0.39,0.11,1.26,1.07,0.18,0.73,-0.03,1.75,2.71,0.94,-0.68,0.58,-0.84,0.66,-0.09,1.04,2.13,3.4,2.07,0.92,-0.96,3.78,2.66,3.44,1.6,-0.41,1.92,3.1,1.13,0.6,2.06,-0.57,-0.17,-0.11,2.85,1.17,-0.21,1.41,0.29,0.95,0.51,-0.86,3.66,2.92,0.24,-0.72,0.03,2.24,1.72,2.62,2.66,3.05,1.33,1.68,0.16,2.28,1.96,-0.49,2.36,1.64,-0.5,1.82,2.47,-0.8,3.51,1.22,1.7,0.6,3.98,-0.45,0.71,-0.45,1.38,3.8,3.29,3.15,1.24
-0.59,0.08,1.5,1.38,3.52,1.84,3.25,1.24,0.64,3.11,0.78,-0.31,3.75,2.91,-0.84,0.85,3.96,1.84,1.63,-0.46,3.27,3.98,0.11,-0.57,-0.11,2.33,-0.88,-0.04,-0.86,-0.88,2.19,2.61,1.15,1.19,2.38,1.39,-0.85,0.85,-0.13,-0.73,0.53,1.26,-0.93,1.53,-0.04,-0.69,1.36,-0.05,0.41,2.83,0.81,-0.06,2.91,1.26,0.33,0.71,1.25,0.77,1.48,-0.31,0.56,3.52,1.94,2.07,3.82,0.44,-0.43,1.68,1.55,3.28,0.43,-0.72,3.26,0.73,1.05,1.67,0.5,0.54,3.52,2.92,1.03,-0.43,0.43,3.95,2.24,1.81,3.05,2.29,0.64,0.81,2.64,-0.08,3.23,2.42,1.87,0.02,-0.16,-0.69,-0.26,1.53
2.5,0.13,-0.01,2.83,3.76,-0.83,0.94,3.0,1.61,3.19,2.46,3.39,-0.79,0.41,0.75,2.44,0.97,0.29,3.28,0.57,3.94,2.56,3.95,3.79,2.36,1.24,1.46,-0.79,-0.81,3.0,3.6,2.73,2.41,1.62,-0.87,1.04,2.02,1.99,1.16,1.34,2.19,3.62,1.27,2.16,-0.28,0.84,0.31,1.63,1.52,0.66,-0.18,3.9,3.07,2.95,-0.66,1.85,2.99,1.01,-0.81,1.2,-0.82,2.03,-0.01,2.33,2.5,0.23,2.64,2.35,2.96,0.7,3.18,0.73,3.01,1.42,0.29,-0.41,2.2,1.96,0.24,0.36,0.26,3.41,0.25,0.52,2.72,-0.83,3.79,3.16,0.9,-0.09,0.88,-0.06,2.4,1.45,0.51,0.13,1.84,3.61,3.5,1.39
-0.27,1.28,-0.98,1.01,1.12,2.11,2.54,0.12,0.52,2.34,-0.27,2.21,2.43,0.83,2.65,-0.12,1.74,1.05,2.73,0.85,2.55,-0.73,0.88,2.41,0.34,0.4,-0.31,0.3,-0.91,1.63,-0.22,1.58,3.8,1.29,-0.84,2.02,-0.14,2.97,2.93,1.88,1.76,1.65,2.57,2.01,3.14,3.58,2.55,1.15,0.23,-0.14,2.46,3.55,2.24,1.28,1.66,-0.51,0.36,0.83,-0.02,0.2,0.66,0.5,-0.18,2.47,-0.57,2.6,-0.86,3.02,2.44,2.23,2.11,3.42,1.12,1.93,3.07,0.33,3.23,3.9,0.91,1.48,-0.47,-0.84,-0.77,1.47,2.96,1.95,1.74,2.38,2.02,2.29,0.09,1.71,2.2,-0.92,-0.99,0.46,2.74,1.91,0.2,0.85

-0.46,3.06,-0.75,0.0,3.9,0.64,2.93,-0.28,1.38,3.25,2.67,-0.94,3.24,3.51,-0.23,-0.16,-0.78,3.31,0.85,2.85,0.17,0.19,1.67,2.71,2.69,2.92,3.37,-0.36,3.49,1.33,-0.24,1.05,2.94,-0.61,1.6,2.14,0.43,-0.63,2.76,1.14,-0.03,-0.26,1.16,2.37,0.21,0.96,3.19,0.61,3.92,2.0,1.18,0.9,3.41,3.91,-0.02,0.72,-0.75,0.52,3.4,0.35,3.3,-0.07,3.15,-0.13,-0.39,0.11,-0.08,3.5,1.96,2.66,1.8,0.94,1.54,3.83,3.34,1.76,-0.01,2.03,2.25,2.3,2.73,2.7,-0.48,1.14,1.27,0.94,3.85,3.57,1.4,0.31,3.48,1.52,2.68,1.56,1.0,1.74,2.58,1.93,-0.78,-0.01
0.48,2.49,1.96,1.42,1.73,3.37,3.01,-0.75,0.3,0.76,-0.06,2.65,1.97,2.0,-0.18,2.39,1.92,1.53,2.86,3.42,-0.3,0.63,3.29,1.32,0.4,2.85,0.22,-0.84,3.45,1.2,1.85,1.01,2.28,-0.34,3.14,3.4,-0.08,2.26,1.83,-0.07,1.13,0.16,3.55,1.1,0.21,3.38,2.94,0.2,0.73,4.0,1.83,0.45,2.97,1.12,0.9,1.63,1.52,0.98,3.35,2.95,-0.45,-0.5,1.8,1.3,1.26,1.38,-0.52,0.58,3.53,0.74,2.77,1.11,0.02,3.66,1.78,2.55,-0.97,2.8,3.84,3.94,2.51,1.72,2.56,2.86,0.64,0.26,2.59,2.15,3.52,-0.04,2.62,-0.67,3.55,0.63,2.17,-0.52,-0.82,-0.31,1.27,3.42
0.84,-0.08,1.34,0.38,0.74,2.68,3.72,3.68,3.98,1.56,-0.53,-0.3,-0.71,1.51,-0.99,2.78,-0.32,0.27,2.87,0.58,3.04,3.57,0.63,-0.22,2.26,1.37,1.55,3.89,1.4,3.5,3.55,1.78,3.27,3.29,2.47,0.57,-0.9,3.96,2.37,1.12,3.84,1.08,-0.51,0.74,0.06,2.21,0.12,2.88,2.0,-0.65,0.23,3.54,0.37,0.15,1.29,0.51,0.88,1.31,-0.83,2.1,1.33,-0.43,3.74,-0.51,0.7,3.16,-0.37,1.94,0.39,1.76,-0.35,-0.61,2.33,2.78,2.51,1.47,2.09,2.2,1.49,-0.69,0.69,-0.9,1.02,2.72,2.7,3.05,3.28,-0.72,1.95,-1.0,0.75,3.22,3.69,-0.2,3.68,2.61,-0.26,3.19,2.8,1.85
3.86,2.52,-0.07,3.21,2.62,2.01,3.8,-0.93,3.89,3.97,1.08,1.59,2.81,1.79,3.33,0.22,3.33,1.03,3.23,0.18,3.47,3.73,2.68,3.44,3.49,0.82,3.79,1.7,0.94,3.13,2.76,0.61,1.06,3.62,2.46,-0.31,3.09,0.34,0.82,-0.02,2.72,2.75,1.75,2.71,-0.59,1.95,0.69,1.65,3.3,0.4,1.79,0.94,1.59,2.43,0.13,3.8,0.41,1.51,2.48,0.64,0.05,0.1,2.19,1.18,2.88,1.96,1.64,1.78,0.85,-0.66,0.88,2.04,-0.04,0.97,-0.15,3.66,1.3,-0.99,0.79,-0.47,-0.72,1.61,2.95,1.5,3.68,1.89,3.9,1.72,1.52,2.01,0.08,1.75,-0.64,1.36,0.13,0.26,1.16,3.25,2.81,1.18

-0.98,0.79,2.09,-0.21,3.18,2.9,0.2,3.45,-0.62,1.57,-0.41,0.57,3.39,2.41,3.25,2.16,1.52,2.26,1.67,-0.74,2.71,2.0,1.22,-0.96,1.23,1.41,1.11,2.78,2.26,-0.55,1.09,-0.82,0.67,1.53,2.97,1.82,0.74,0.93,2.68,1.85,-0.47,-0.86,1.45,2.66,0.04,0.78,2.7,-0.41,-0.18,0.1,-0.42,0.62,0.63,0.88,3.27,2.5,1.11,3.63,0.52,0.4,1.72,-0.41,-0.99,3.86,3.1,-0.06,1.86,0.5,0.96,2.09,1.74,1.72,1.69,2.57,1.61,-0.04,3.04,1.45,2.21,3.54,0.94,0.01,3.95,1.81,3.32,0.72,2.18,3.13,0.99,2.21,1.08,0.83,0.49,0.16,2.05,1.39,3.04,3.07,0.66,3.49
3.19,-0.46,0.7,-0.81,0.12,-0.8,-0.84,1.42,3.08,1.54,2.97,1.24,2.36,2.54,0.25,0.72,3.33,2.28,-0.41,1.05,0.5,-0.03,2.82,0.35,2.04,0.45,2.91,-0.26,0.79,1.6,1.12,1.24,1.81,1.38,2.92,2.12,2.5,0.56,3.42,1.06,-0.46,3.57,0.38,-0.57,-0.7,2.63,3.65,-0.92,2.71,0.81,-0.8,1.14,3.63,3.77,-0.95,-1.0,1.46,1.22,1.77,-0.46,2.54,2.82,3.3,3.35,3.07,1.69,2.67,0.34,3.28,2.62,2.9,0.84,2.98,3.43,2.06,1.07,-0.05,0.92,0.78,1.15,0.99,0.83,0.09,2.86,2.98,2.35,0.32,-0.69,-0.11,-0.93,1.43,3.99,2.11,-0.81,2.06,3.16,-0.82,2.72,2.47,1.69
0.82,2.76,1.17,3.95,3.47,2.94,3.6,1.88,0.64,0.2,2.47,0.03,-0.23,-0.06,-0.01,2.83,0.76,0.6,0.16,-0.08,3.03,1.81,1.78,0.43,-0.48,1.59,1.6,1.15,1.96,3.98,-0.66,2.26,0.85,1.4,0.66,0.96,1.26,2.46,1.77,2.24,-0.83,1.56,3.99,0.69,2.86,3.16,2.6,1.01,-0.93,3.8,0.99,2.71,-0.51,0.58,1.97,2.34,2.53,0.13,-0.03,-0.3,3.54,3.64,2.0,2.66,3.17,3.05,1.71,1.07,1.73,-0.25,2.14,1.09,-0.34,0.65,2.65,1.45,0.03,-0.53,0.29,0.82,3.76,0.94,0.49,-0.96,3.54,0.44,-0.42,0.99,-0.77,1.62,3.11,2.96,2.89,2.4,-0.02,3.43,-0.44,-0.87,3.19,-0.07
0.57,0.04,0.74,2.37,2.83,3.37,2.15,3.81,0.48,2.44,-0.21,-0.75,2.69,3.01,3.2,3.82,1.8,0.84,0.09,3.21,1.93,0.58,2.89,3.14,3.1,2.7,1.99,2.66,2.28,0.1,0.74,2.95,-0.59,3.77,0.98,3.27,2.98,2.93,2.61,1.54,-0.92,2.8,-0.84,-0.61,-0.59,-0.69,3.68,1.89,2.68,3.71,2.06,2.14,-0.28,0.82,3.3,0.82,2.98,2.18,3.35,0.15,-0.14,2.42,2.55,0.0,1.71,3.09,3.36,1.16,0.1,-0.05,2.28,0.57,3.73,0.31,1.0,-0.79,1.56,1.64,1.74,3.95,3.5,1.83,-0.12,-0.23,0.71,2.2,1.19,-0.73,3.46,3.83,1.58,-0.04,0.01,3.86,3.65,-0.62,3.25,-0.21,0.74,1.44


25 mm/s
10 mm/mV
100 Hz
8.0.1
12SL.4
CID: 1
EID:
EDT: 12:45 12-DEC-1999
ORDER:
ACCOUNT: 012358708298



