ID: 011249509						OPATRICK HOSPITAL
NAME: Test, Tester3
24-MAY-2005 05:11:40

09-OCT-1921 (83 YR)
Male	Asian
64in	205lb
Room:
Loc:0

Vent. rate	180	BPM
PR interval	96	ms
QRS duration	146	ms
QT/QTc		268/419	ms
P-R-T axes	-1	229	48

*** Suspect lead reversal
Sinus tachychardia with long bursts of PR
Intraventricular conduction
Lateral infarct , age undetermined
Inferior myocardial infarction , age undetermined
Abnormal ECG
When compared with ECG of 12-AUG-2004
Significant changes


Technician: TECHNICIAN
Test ind: 41,44
Referred by:
Confirmed by: TEST TEST,M.D.


-0.16,3.17,3.37,0.84,-0.13,2.94,2.98,-0.66,1.59,2.55,-0.66,-0.58,2.37,2.18,1.28,1.68,2.24,2.69,1.86,1.95,1.09,-0.06,-0.21,1.42,1.45,0.66,1.44,3.95,1.47,1.5,-0.81,1.59,1.83,-0.47,0.3,-0.02,1.08,2.19,3.56,3.76,1.17,3.17,3.9,1.55,2.7,0.91,-0.11,2.12,0.3,2.24,2.17,0.48,1.07,0.73,3.57,2.85,-0.31,2.43,1.22,3.7,3.75,-0.15,-0.15,-0.72,-0.47,3.21,0.68,0.75,1.57,1.67,1.91,1.99,3.62,2.49,0.04,-0.03,3.73,-0.38,2.22,0.34,1.59,2.42,2.61,0.53,1.45,3.83,1.58,0.77,2.66,2.46,2.41,2.02,3.81,3.92,3.98,3.06,-0.48,2.64,0.24,1.13
3.35,0.65,0.28,3.72,2.25,1.06,1.32,2.25,0.77,1.57,0.48,-0.6,0.95,0.26,-0.96,1.25,1.2,3.19,3.02,1.21,3.84,-0.21,2.38,2.61,1.64,3.72,2.79,3.75,2.97,0.96,1.1,1.79,-0.51,2.37,0.2,2.25,3.8,2.68,2.88,0.93,-0.34,3.89,2.27,0.99,0.05,0.18,2.8,2.14,1.77,0.94,-0.84,1.57,2.45,3.49,-0.8,3.23,-0.86,0.39,3.33,1.89,2.22,0.65,2.49,0.44,3.59,-0.38,0.96,1.35,3.5,3.57,1.01,0.3,3.71,-0.26,0.42,3.56,-0.37,1.51,-0.86,2.69,3.94,3.61,3.61,0.35,1.36,0.95,1.46,3.85,0.19,1.62,0.57,1.67,0.13,1.55,2.72,2.35,3.29,1.66,1.15,0.99
1.98,2.3,3.42,0.55,-0.44,3.42,1.92,3.03,1.53,0.61,1.56,3.65,2.72,2.27,3.97,2.72,2.08,1.75,1.15,-0.2,1.17,2.78,2.34,-0.46,0.97,1.87,3.99,0.12,1.21,0.7,0.78,1.87,2.34,1.63,-0.97,0.07,3.71,0.07,0.2,3.79,0.69,0.95,2.67,2.13,-0.43,1.42,3.92,1.14,3.98,-0.3,1.31,0.32,-0.19,1.61,-0.06,1.32,-0.01,1.02,3.19,-0.79,3.91,2.47,3.6,-0.26,-0.54,0.25,1.38,-0.48,0.82,0.01,2.89,2.86,2.73,1.28,2.91,1.57,3.45,0.4,-0.88,-0.07,-0.76,1.72,-0.15,-0.1,-0.91,2.41,-0.46,3.94,3.01,-0.26,0.65,3.36,2.39,1.23,0.52,2.85,1.7,-0.03,-0.2,-0.51
04,-0.41,-0.24,3.81,0.17,0.73,3.28,2.04,3.67,0.48,-0.62,-0.54,3.2,1.73,1.77,3.3,1.66,1.06,3.63,1.18,-0.45,-0.5,2.59,1.05,-0.66,0.88,3.81,3.5,0.99,0.74,1.94,3.32,-1.0,0.2,0.94,-0.78,3.54,0.89,2.63,3.12,2.06,0.59,3.79,0.27,2.93,3.77,3.66,0.27,0.35,1.07,2.25,0.07,0.34,0.01,0.26,2.33,3.91,2.85,0.8,2.41,1.82,2.36,3.47,1.29,1.81,3.92,0.09,3.82,1.07,0.96,-0.62,-0.44,2.97,1.45,0.3,0.14,3.23,1.65,2.52,0.79,1.17,0.45,-0.06,1.17,1.46,0.51,-0.54,2.54,0.76,3.21,0.35,3.66,-0.62,-0.9,3.95,2.49,-1.0,1.59,-0.03,0.61

-0.85,3.59,3.84,3.3,2.56,-0.66,3.47,3.21,-0.08,-0.57,2.78,1.88,-0.56,1.93,2.68,1.31,-0.91,2.48,0.01,1.5,1.17,1.2,1.6,1.58,1.28,1.43,-0.81,2.35,0.1,3.78,2.43,3.15,1.11,0.38,3.01,0.09,-0.23,1.1,2.32,2.17,3.1,-0.83,0.47,2.08,-0.04,1.55,-0.49,3.48,-0.65,-0.95,0.56,3.6,1.5,-0.64,3.64,-0.06,1.97,-0.15,3.87,0.01,-0.46,1.58,-0.66,1.8,2.19,3.78,-0.03,1.53,2.66,2.8,2.25,3.23,0.11,0.91,2.16,3.53,3.76,3.33,1.13,3.54,2.45,0.55,3.72,2.02,1.7,3.18,0.58,3.87,3.61,3.14,-0.31,0.13,0.51,2.5,3.23,2.35,3.39,1.05,0.12,1.1
3.09,0.7,3.73,2.15,0.41,1.82,3.3,3.31,-0.87,1.3,-0.66,-0.83,1.74,2.72,0.1,3.51,-0.44,1.35,0.38,3.38,0.64,2.49,2.23,0.59,2.05,0.8,3.15,2.34,0.88,2.24,1.85,0.91,0.65,-0.82,-0.7,3.48,-0.64,3.64,2.98,0.08,0.33,0.01,2.11,1.12,1.63,3.05,-0.03,2.08,1.93,2.83,3.71,3.69,3.05,1.19,1.95,-0.72,1.47,2.25,3.37,1.85,3.42,1.94,-0.53,0.43,0.22,3.42,2.3,3.49,0.86,3.96,1.5,2.63,1.78,-0.38,2.22,0.77,-0.03,0.77,-0.55,-0.42,2.6,-0.72,0.99,3.17,3.06,-0.23,0.23,-0.08,-0.49,0.31,2.19,-0.17,1.9,3.66,-0.54,2.77,0.28,-0.41,1.02,-0.12
3.6,0.26,1.63,0.06,3.01,1.49,0.21,1.23,1.58,0.68,2.98,3.31,1.23,2.82,-0.69,3.07,0.05,-0.66,-0.21,-0.61,2.86,2.99,1.49,2.57,-0.12,3.21,0.86,1.74,-0.5,3.3,0.71,-0.96,-0.56,3.25,3.22,-0.73,2.46,3.87,3.81,2.7,3.89,3.26,1.73,0.01,0.87,-0.06,1.52,2.26,1.14,1.89,2.12,1.01,1.03,2.27,3.43,0.18,-0.84,-0.26,2.64,0.09,0.01,-0.21,3.63,0.56,0.41,-0.52,-0.77,1.83,2.68,2.1,1.93,-0.27,1.09,2.77,1.43,2.82,-0.47,-0.09,0.2,0.34,3.76,2.57,0.12,0.97,3.43,2.84,1.23,2.2,2.11,3.37,3.32,1.06,2.18,-0.75,0.51,2.67,1.78,0.93,0.0,0.67
0.79,3.65,0.94,1.8,3.5,-0.44,3.41,2.15,-0.71,1.53,3.03,3.42,2.54,2.82,2.35,1.03,0.88,3.09,0.55,-0.11,3.8,-0.92,3.11,0.49,2.13,1.61,1.06,2.19,1.79,-0.94,1.53,-0.97,1.89,0.17,1.28,3.01,-0.5,0.69,0.55,-0.12,3.32,0.13,2.02,0.54,3.8,1.24,1.47,3.88,1.11,-0.86,3.4,-0.93,0.92,2.09,-0.03,1.72,0.17,3.26,1.5,-0.16,-0.14,0.74,1.44,2.03,3.11,0.57,-0.61,3.99,3.92,-0.65,2.78,3.76,2.25,2.92,0.62,1.97,0.39,3.27,2.91,-0.44,3.54,3.91,0.34,-0.2,0.86,0.47,-0.71,3.26,-0.41,0.72,0.56,1.09,1.17,0.85,0.3,3.57,-0.99,1.45,1.65,2.25

0.48,1.48,3.96,1.54,3.08,3.79,0.18,-0.35,2.53,3.78,-0.11,2.55,1.56,1.35,3.96,1.03,3.13,2.95,-0.42,0.58,-0.64,2.01,3.81,-0.26,3.31,0.61,1.1,2.15,0.97,2.21,1.63,2.96,0.15,0.07,1.92,1.61,0.02,0.22,0.13,1.16,1.25,2.36,0.15,2.83,3.28,-0.31,3.15,2.21,2.3,3.05,1.17,2.73,0.56,-0.27,-0.61,2.56,-0.75,-1.0,0.36,0.43,0.55,2.71,1.93,3.69,1.93,0.77,1.21,2.67,3.55,0.12,0.19,2.58,1.55,3.68,1.08,1.84,3.65,1.87,2.13,1.87,2.78,2.76,0.7,0.82,2.57,1.24,1.35,-0.2,1.58,-0.38,-0.07,0.66,2.13,2.93,3.26,2.19,3.77,1.76,2.14,0.3
0.75,0.38,-0.26,2.61,1.05,3.93,2.86,1.51,1.29,-0.37,0.03,3.76,3.54,1.97,0.6,0.78,-0.44,0.37,2.47,3.85,0.4,3.72,2.79,0.06,0.19,2.96,0.6,2.85,1.06,1.3,1.78,2.17,3.47,2.1,1.55,1.79,2.41,-0.77,1.67,1.78,0.92,1.39,-0.91,-0.96,3.08,-0.63,1.84,2.94,1.59,0.76,0.64,-0.49,1.47,-0.78,3.65,1.93,1.54,0.82,2.96,1.91,2.17,1.1,1.5,1.53,0.69,3.91,0.29,2.98,-0.41,1.08,1.79,3.18,0.33,2.03,2.61,3.06,1.83,2.13,3.17,0.32,3.95,-0.09,3.06,0.64,1.39,1.82,2.18,3.17,-0.83,1.67,3.58,2.82,1.33,0.9,-0.74,2.76,-0.1,2.17,-0.35,1.05
-0.74,-0.38,3.32,2.88,0.73,1.09,3.08,1.17,0.0,2.92,2.92,1.84,3.45,-0.81,2.69,-0.18,2.75,2.51,-0.96,0.45,0.52,-0.82,-0.45,1.7,-0.5,2.55,3.12,1.19,-0.18,0.42,0.65,3.44,3.43,0.08,1.43,1.89,3.03,-0.34,0.55,0.03,0.07,-0.74,-0.47,2.51,2.57,3.58,-0.67,2.17,2.4,2.86,-0.67,2.78,1.05,1.62,0.09,1.72,2.15,2.52,2.07,1.58,1.75,3.33,3.5,-0.45,2.27,3.61,3.52,2.68,2.1,2.97,2.14,3.82,-0.64,1.49,0.23,1.85,1.09,0.71,0.89,3.79,3.23,2.73,2.31,1.55,0.34,0.09,3.6,3.21,0.26,2.75,1.87,2.69,2.26,-0.0,0.05,-0.56,1.0,1.28,-0.3,-0.57
-0.84,1.26,3.11,3.84,2.75,2.31,0.89,2.83,-0.01,1.13,-0.2,3.86,3.76,2.32,3.96,-0.77,1.77,1.07,0.91,3.92,3.95,3.61,-0.04,3.97,2.43,2.15,1.78,3.38,2.23,-0.92,2.18,-0.57,2.3,3.64,-0.81,0.98,3.24,1.82,1.8,0.2,0.5,2.54,1.74,3.66,0.08,3.51,2.53,0.91,1.23,1.59,1.67,2.34,1.65,0.47,2.86,-0.39,3.6,0.05,3.5,3.51,-0.38,3.84,1.42,0.28,-0.85,3.34,3.06,1.31,2.67,0.73,1.04,3.16,3.93,-0.67,0.36,-0.13,0.02,-0.06,-0.52,-0.04,3.4,1.42,3.44,3.26,0.56,1.06,1.19,2.15,-0.4,1.03,3.06,3.0,3.53,2.79,1.57,2.77,3.51,3.44,2.8,2.04

-0.66,2.29,0.05,1.11,2.78,1.57,1.24,-0.83,2.61,2.83,2.84,0.76,-0.42,-0.52,-0.14,-0.83,-0.24,0.74,3.84,0.51,1.89,1.12,2.68,-0.72,-0.76,2.85,-0.68,-0.01,0.84,-0.02,3.6,0.05,0.31,1.51,3.05,-0.8,2.9,3.85,2.14,3.04,-0.27,2.98,3.22,1.07,0.72,3.97,3.88,1.94,3.09,1.06,3.25,1.02,1.19,2.74,1.68,1.1,2.72,1.45,0.84,2.75,0.86,2.63,2.66,2.85,2.97,-0.68,2.67,-0.67,2.76,-0.61,2.68,3.34,3.13,-0.96,-0.47,2.55,0.65,-0.97,1.12,2.67,1.43,0.57,2.89,0.44,2.96,1.3,2.85,3.35,0.27,-0.59,-0.56,0.97,2.74,0.6,2.0,-0.4,2.73,0.34,-0.17,2.37
2.52,1.34,1.82,2.74,1.58,0.66,2.35,-0.21,1.39,3.82,2.52,0.84,-0.29,2.39,-0.7,-0.57,2.55,1.59,-0.76,0.48,0.01,0.32,1.27,-0.28,1.68,-0.07,0.15,1.39,3.07,3.74,1.48,-0.4,2.62,2.43,3.07,1.25,-0.62,-0.25,0.03,1.0,-0.13,-0.33,1.25,-0.39,-0.0,-0.16,0.23,3.17,-0.99,3.51,1.37,1.65,0.82,2.64,2.18,-0.32,-0.55,1.69,3.21,2.14,-0.35,0.24,2.04,-0.29,3.22,2.81,0.6,-0.82,0.39,0.17,0.24,0.64,-0.1,3.68,1.52,2.99,3.74,0.86,0.28,0.52,1.71,2.65,1.74,2.56,0.13,0.29,2.63,2.02,-0.74,-0.0,3.11,1.88,1.45,1.38,3.88,3.83,1.05,0.32,1.69,1.55
1.12,1.53,-0.09,0.17,2.93,2.58,3.39,0.08,3.15,-0.42,1.56,1.81,2.5,0.53,0.65,2.7,-0.07,3.77,0.41,2.59,2.43,1.27,2.21,1.74,2.59,2.25,-0.87,0.22,0.1,2.94,1.08,-0.79,0.85,-0.28,3.44,2.97,-0.83,3.91,1.08,0.45,2.66,0.01,0.8,3.62,0.85,-0.13,-0.03,1.16,2.58,1.82,-0.99,2.15,0.24,3.62,1.58,1.35,-0.33,3.58,2.21,2.38,0.52,1.8,-0.0,1.47,1.34,0.75,2.34,3.47,-0.0,1.4,2.82,0.95,-0.07,-0.89,-0.66,2.9,3.11,0.2,2.1,-0.59,3.19,0.54,2.55,0.56,0.59,0.85,0.18,-0.33,1.64,0.8,0.57,3.28,1.9,0.99,2.0,-0.62,1.78,1.51,0.03,2.26
1.2,3.59,2.14,0.81,-0.51,-0.21,1.52,1.81,3.11,1.16,-0.13,2.12,1.95,0.58,0.53,-0.63,1.04,1.88,-0.47,-0.68,2.19,1.75,1.36,2.78,0.91,-0.91,0.21,2.29,2.99,-0.8,2.58,3.12,-0.52,1.45,-0.74,1.47,0.51,2.35,0.94,1.16,2.19,3.88,1.31,2.36,-0.35,-0.58,3.79,3.15,-0.63,0.51,3.41,-0.87,2.99,3.66,2.03,0.14,3.69,2.65,-0.37,2.41,2.28,3.5,1.11,2.46,0.13,2.02,1.44,0.62,1.14,0.44,-0.65,2.13,0.39,0.31,-0.94,3.72,-0.25,2.07,-0.63,3.28,3.19,3.2,1.81,0.21,3.1,0.56,-0.56,1.2,1.55,3.52,3.55,0.57,-0.37,0.4,-0.46,3.44,1.23,-0.18,-0.38,0.76

0.01,2.01,1.76,1.52,2.39,0.97,1.54,-0.24,-0.36,2.3,1.11,0.15,-0.39,3.22,0.55,1.88,-0.17,1.03,1.11,3.29,1.55,-0.82,0.92,1.36,0.84,3.79,-0.2,2.06,3.01,-0.42,3.12,1.35,2.18,3.95,2.71,2.13,0.26,3.27,2.41,0.79,2.82,-0.17,1.01,0.81,0.61,0.9,0.19,0.74,1.4,0.54,-0.22,-0.68,3.15,2.75,0.58,2.99,3.96,2.29,3.73,1.99,2.89,-0.8,-0.56,1.81,1.46,-0.35,2.77,2.89,0.41,2.0,3.79,3.7,-0.98,0.24,-0.61,3.78,1.96,3.01,0.7,0.28,-0.83,3.39,2.55,3.25,1.52,-0.19,-0.3,0.43,2.09,2.52,0.56,1.73,-0.53,-0.21,1.5,-0.41,-0.78,3.08,2.06,2.06
0.08,-0.0,-0.68,2.82,-0.57,-0.94,0.42,2.45,-0.18,-0.34,2.19,0.03,-0.47,-0.13,0.95,0.22,0.98,1.29,3.49,2.42,-0.87,-0.32,1.82,-0.32,1.49,2.19,-0.86,0.12,3.91,2.23,-0.1,3.27,-0.21,3.51,0.09,3.06,0.65,3.36,1.64,-0.1,-0.12,1.55,1.37,0.48,2.8,1.72,0.79,2.08,-0.88,3.99,3.99,-0.95,0.79,2.06,1.86,1.57,-0.08,2.77,2.94,2.26,3.16,1.45,2.42,3.02,3.77,3.23,1.5,0.38,3.75,1.71,0.26,0.54,2.02,1.39,-0.8,0.01,2.61,-0.25,-0.09,1.03,3.03,-0.03,0.65,0.07,-0.56,-0.55,2.6,-0.72,-0.06,2.9,0.59,2.85,3.08,0.21,1.34,2.99,2.44,-0.45,2.68,0.12
0.33,-0.71,3.65,0.36,-0.87,2.18,2.85,1.25,0.3,3.8,0.27,3.73,3.84,2.77,-0.68,1.23,0.94,1.94,-0.27,3.76,1.19,0.13,3.81,0.51,2.08,0.84,0.84,1.28,3.93,-0.59,2.83,1.64,2.89,-0.56,1.12,-0.11,2.32,3.43,3.52,2.78,-0.96,-0.36,2.97,1.82,-0.09,-0.5,0.9,2.55,1.61,-0.3,-0.17,-0.16,2.31,0.26,0.85,2.86,2.24,-0.28,0.35,1.99,1.38,3.29,1.35,2.4,2.79,0.93,2.77,0.6,3.19,-0.13,0.49,1.52,-0.47,0.11,2.86,0.38,-0.55,-0.4,0.35,2.7,-0.3,1.35,-0.92,2.22,2.85,0.07,-0.76,1.98,0.7,-0.54,2.22,2.72,3.44,3.57,0.49,2.9,2.09,-0.36,-0.75,0.48
2.33,3.62,3.51,0.37,-0.69,3.47,-0.81,1.31,2.97,0.55,0.95,0.2,2.13,3.76,-0.83,1.0,-0.79,2.72,-0.95,1.77,3.16,1.71,3.04,0.74,2.38,0.23,-0.94,2.89,2.63,-0.28,0.72,-0.06,2.09,3.13,0.11,-0.99,0.94,1.55,3.84,3.47,2.47,3.25,0.77,1.49,3.74,0.88,-0.67,2.54,0.79,0.25,2.22,1.38,1.23,-0.57,-0.76,3.75,-0.55,2.56,0.18,1.93,2.79,1.66,-0.56,0.81,-0.2,2.51,2.42,0.29,-0.86,1.09,3.64,-0.52,-0.72,2.17,3.06,0.7,3.24,-0.66,0.32,3.11,3.95,-0.34,-0.75,-0.95,1.42,2.07,-0.1,-0.67,-0.56,-0.91,3.89,2.03,0.43,1.96,1.09,3.59,1.89,2.87,-0.91,-0.12


25 mm/s
10 mm/mV
100 Hz
8.0.1
12SL.4
CID: 1
EID:
EDT: 12:45 12-DEC-1999
ORDER:
ACCOUNT: 01235870887
