ID: 011233980						OPATRICK HOSPITAL
NAME: Test, Tester2
12-JUN-1999 10:12:43

02-JAN-1921 (77 YR)
Female Hispanic
58in	157lb
Room:0423
Loc:1

Vent. rate	85	BPM
PR interval	224	ms
QRS duration	143	ms
QT/QTc		440/523	ms
P-R-T axes	75	-35	142

Normal sinus rhythym with 1st degree V/T block
Left axis deviation
Left bundle branch block
No previous ECG available


Med: Unknown
Technician: MELISSA TREEFER
Test ind: test result / billing message
Referred by: BILL W WALHTHER M.D.
Confirmed by: TEST TEST ,M.D.


3.77,-0.08,0.38,0.06,2.53,3.87,0.67,3.35,-0.71,3.83,-0.33,3.31,-0.49,3.38,1.45,3.19,2.2,0.06,1.61,-0.09,1.93,0.69,0.46,-0.96,-0.92,2.73,2.38,0.92,0.83,2.86,-0.23,-0.06,-0.16,2.79,1.68,0.75,1.18,-0.58,0.57,1.23,2.63,1.01,1.09,-0.52,0.76,-0.21,3.39,1.33,0.61,0.3,3.67,0.58,3.03,2.37,2.3,2.44,0.76,1.22,3.13,1.41,1.08,-0.14,-0.7,3.38,3.03,2.76,1.21,0.16,3.56,-0.03,0.12,3.07,2.46,1.65,0.11,0.07,2.66,2.16,1.75,0.89,-0.41,0.21,-0.24,3.28,2.71,1.24,0.94,0.83,3.2,0.89,-0.92,2.12,1.65,0.93,1.58,1.79,1.98,2.61,2.31,3.73
-0.38,-0.2,0.5,2.11,3.29,1.82,2.78,3.42,-0.55,2.69,0.91,2.74,0.53,2.41,3.45,3.11,0.63,-0.92,2.15,-0.16,1.76,2.76,-0.46,0.25,-0.24,2.67,0.45,2.56,-0.32,0.71,2.83,3.09,3.74,-0.21,1.19,3.96,-0.95,0.64,3.89,2.82,-0.85,3.87,2.39,1.05,1.26,0.06,2.99,0.75,2.32,3.74,0.2,0.18,-0.04,2.76,1.31,-0.27,3.39,1.21,1.24,-0.84,3.01,3.85,0.89,0.44,3.26,0.51,2.98,0.71,1.03,1.65,0.12,1.58,3.52,3.27,1.48,2.7,2.96,2.01,-0.9,-0.91,3.3,1.43,1.22,1.76,2.79,0.71,3.09,0.94,-0.03,2.5,1.64,0.56,2.3,2.66,3.04,2.96,-0.11,-1.0,1.13,0.24
-0.59,1.13,-0.18,2.03,-0.72,3.98,1.94,2.82,1.53,0.87,2.74,2.47,2.52,1.85,1.9,3.93,0.55,3.19,-0.9,2.36,3.7,1.08,1.03,-0.69,1.22,3.76,2.13,2.4,-0.7,-0.91,3.55,3.67,1.26,3.52,2.82,1.39,-0.29,0.28,1.67,0.39,3.01,0.97,3.32,3.31,1.83,3.86,3.66,1.84,-0.88,-0.64,1.12,3.68,0.57,3.1,0.14,1.09,1.43,2.75,-0.71,-0.95,1.14,1.82,-0.97,2.82,2.34,2.94,1.41,1.15,3.57,1.88,0.36,0.58,3.14,1.62,-0.36,-0.9,1.93,-0.76,0.35,-0.91,-0.23,0.95,-0.89,1.89,0.44,2.3,2.88,0.9,3.82,0.51,-0.92,-0.29,0.36,0.87,2.59,3.17,0.89,2.74,2.48,0.63
-0.49,0.33,0.29,0.08,0.17,0.43,1.07,2.55,0.5,-0.82,1.64,0.18,0.55,3.9,-0.02,0.33,-0.6,0.85,3.93,2.94,3.03,-0.64,1.57,-0.16,2.58,-0.21,-0.31,1.0,-0.03,3.59,1.66,3.42,3.01,2.9,1.91,-0.4,0.16,3.49,0.66,2.84,3.73,3.61,-0.5,3.44,-0.41,3.27,3.02,0.77,2.75,2.98,3.7,2.48,1.67,0.04,0.52,2.43,1.44,1.42,0.5,2.94,2.83,-0.07,-0.14,0.72,3.75,2.06,2.32,1.41,3.36,2.25,-0.87,0.45,3.01,3.64,0.44,3.25,2.98,0.93,3.99,-0.56,1.84,0.02,-0.51,2.14,1.92,3.74,1.17,3.29,0.8,3.85,0.49,-0.86,-0.79,-0.25,2.0,1.92,0.76,1.43,1.97,3.52

1.6,3.79,2.73,1.53,3.44,2.44,0.84,-0.1,-0.39,-0.07,0.6,0.2,1.28,-0.46,-0.57,1.69,2.74,1.38,0.12,0.3,0.52,0.85,3.31,0.59,3.74,0.86,2.37,1.85,2.72,-0.79,0.97,1.15,2.57,1.69,-0.94,1.05,-0.58,1.83,3.09,0.05,0.84,3.37,0.49,0.79,3.87,3.11,3.35,2.05,0.54,0.32,0.09,3.04,3.47,1.27,2.78,0.04,1.89,3.69,0.25,3.15,-0.79,3.45,-0.85,1.35,-0.78,0.93,0.4,3.36,2.0,1.52,3.63,2.81,3.29,2.54,3.99,0.88,0.13,1.51,0.48,1.02,-0.57,-0.44,1.09,0.37,0.14,3.93,3.42,1.89,0.19,2.63,2.05,2.31,0.26,0.69,1.38,3.9,3.39,-0.83,3.16,2.33
-0.16,0.11,0.3,-0.6,1.71,-0.38,-0.97,3.98,1.21,3.48,1.32,2.44,1.71,3.87,-0.19,1.0,0.01,0.88,3.28,1.28,-0.7,0.72,-0.57,3.74,-0.04,0.27,0.34,0.46,2.62,3.76,0.61,3.34,1.55,1.52,1.08,0.19,3.69,3.9,0.25,3.29,-0.27,-0.38,3.06,2.2,2.45,-0.77,1.47,1.88,1.52,2.57,1.65,2.27,2.94,1.82,1.91,2.14,3.77,-0.73,0.19,0.77,0.91,1.53,2.41,-0.85,0.7,1.37,3.65,2.16,0.01,3.58,0.08,1.58,3.91,-0.72,2.31,2.63,0.32,1.08,1.22,1.02,0.88,-0.52,-0.93,0.16,3.0,3.34,1.96,-0.83,2.99,1.57,1.42,3.43,0.78,1.49,0.2,0.48,2.54,3.83,2.24,1.9
1.68,3.98,3.44,3.0,3.69,2.07,0.54,1.41,-0.38,0.18,3.02,1.13,3.93,2.58,0.78,2.37,1.21,2.86,2.43,-0.45,-0.91,3.05,3.84,0.59,3.82,-0.23,1.25,2.69,0.81,2.58,0.84,-0.53,2.36,-0.51,1.19,3.64,-0.66,3.8,2.76,-0.63,2.04,0.04,0.98,0.9,0.47,0.06,3.33,0.77,2.24,0.49,-0.29,2.1,0.88,0.41,-0.76,2.88,3.51,1.28,1.17,-0.23,2.7,-0.89,0.96,1.63,2.2,1.19,1.54,3.73,3.35,2.53,2.74,3.5,3.17,2.55,1.37,2.8,3.97,1.65,3.33,3.91,1.61,0.33,-0.26,-0.66,2.3,-0.66,3.04,0.93,-0.19,3.35,1.55,0.05,0.56,-0.26,2.33,1.32,3.13,0.65,0.04,1.12
0.97,-0.77,1.73,3.69,0.17,3.16,1.68,0.92,1.18,0.58,2.66,-0.59,2.45,3.02,2.84,2.29,0.1,0.29,0.33,3.22,3.92,2.08,2.02,0.3,-0.96,2.34,3.89,1.42,-0.28,2.35,1.66,-0.48,3.27,-0.25,1.36,2.07,3.34,2.68,1.56,1.02,1.85,3.13,2.72,1.98,0.92,1.56,0.81,-0.6,1.88,1.71,0.23,2.23,1.21,1.51,-0.27,0.67,2.87,2.88,0.54,-0.78,3.65,0.14,1.86,1.81,0.59,0.44,3.81,1.15,0.72,2.64,2.15,2.61,1.99,2.67,2.45,-0.58,1.64,0.05,1.75,2.22,-0.2,3.03,1.17,3.0,3.89,1.49,-0.62,1.57,-0.35,2.39,2.82,-0.18,0.09,1.95,0.81,3.31,3.91,2.94,0.22,-0.95

0.56,-0.19,3.01,-0.66,0.67,2.29,-0.03,-0.31,0.72,0.05,2.2,-0.56,0.73,3.8,3.94,0.73,0.43,-0.93,0.98,1.81,-0.82,-0.76,-0.49,-0.81,3.33,-0.71,2.39,3.53,3.71,0.56,0.87,0.14,2.39,1.57,0.5,1.23,1.38,0.42,0.8,2.0,-0.71,1.87,2.32,-0.13,-0.72,3.6,1.08,0.37,0.06,2.82,3.88,2.46,0.15,3.87,-0.68,1.33,3.13,-0.21,2.0,0.34,2.77,2.32,1.29,2.98,-0.4,-0.59,0.46,1.61,3.5,1.47,-0.41,1.26,3.47,3.08,0.03,3.4,-0.4,0.98,3.33,2.13,0.62,-0.98,0.76,2.9,1.26,3.32,1.39,-0.11,2.09,3.23,1.81,0.57,2.53,1.64,1.49,2.35,1.23,0.24,-0.45,-0.3
2.08,3.24,1.88,0.29,3.83,1.61,1.48,1.85,1.39,2.16,0.11,1.7,2.12,1.85,-0.91,1.82,0.71,2.93,3.68,1.47,2.92,0.81,0.75,0.81,-0.35,3.2,2.67,0.41,-0.83,0.48,-0.92,1.84,-0.75,2.65,2.33,1.32,0.33,2.58,2.63,1.91,1.77,0.75,3.18,2.79,3.98,2.29,3.18,-0.31,1.93,0.62,3.41,2.86,0.03,1.28,0.37,2.46,-0.05,3.88,2.22,2.3,-0.67,1.75,3.16,0.79,2.07,1.89,1.75,3.1,1.03,0.71,0.46,1.8,0.99,-0.9,1.99,0.68,-0.99,0.46,1.23,0.61,3.72,3.19,3.58,2.69,-0.97,-0.49,1.9,-0.34,3.11,0.91,1.96,2.57,2.48,-0.15,1.01,2.25,-0.74,3.23,0.67,1.2
-0.83,0.77,-0.71,2.28,0.28,-0.34,1.26,3.27,2.96,1.96,3.14,-0.7,0.7,2.83,3.83,1.8,-0.86,0.63,-0.67,2.03,-0.69,3.65,-0.85,-0.71,-0.06,0.39,2.36,1.46,0.58,-0.43,0.45,3.85,0.73,-0.15,1.04,3.28,0.95,2.22,1.83,0.54,-0.83,3.64,2.14,0.67,1.57,-0.73,-0.85,-0.65,1.6,-0.75,2.81,1.82,0.12,2.45,3.2,-0.1,0.02,-0.0,1.26,0.33,1.1,0.84,1.87,-0.51,3.65,-0.35,0.17,2.75,-0.72,0.59,1.02,-0.6,0.45,3.79,1.74,-0.74,3.96,0.0,1.75,1.21,0.28,1.58,3.22,2.0,1.55,1.75,1.18,2.07,2.54,-0.42,-0.83,-0.18,3.71,0.47,0.42,0.77,-0.32,-0.06,3.59,1.83
-0.99,0.78,0.26,2.45,3.44,0.53,0.86,-0.54,1.57,2.47,-0.48,2.91,0.22,1.04,3.16,3.52,1.18,-0.66,0.07,0.49,-0.87,-0.21,3.44,-0.81,2.17,3.92,3.86,-0.19,0.46,1.6,3.24,1.95,2.73,0.02,-0.69,2.16,3.67,0.79,2.25,1.24,2.35,-0.33,2.45,2.21,1.67,-0.01,3.84,-0.97,0.3,-0.85,-0.55,0.13,2.74,-0.18,0.57,1.06,-0.65,1.84,-0.82,1.34,1.99,1.73,-0.82,0.17,1.17,1.73,2.43,0.83,3.57,-0.7,1.46,0.91,-0.89,2.49,-0.23,0.01,2.04,-0.69,0.31,-0.93,3.4,2.8,1.2,-0.12,-0.38,-0.42,2.53,2.06,2.42,3.93,2.49,3.13,3.75,1.26,3.41,1.36,0.9,0.88,3.55,3.53

2.12,1.33,-0.43,1.13,1.12,0.97,2.36,-0.48,-0.75,-0.77,1.7,0.83,3.53,1.61,3.77,3.42,3.91,1.35,-0.17,3.48,3.02,2.78,-0.98,3.79,3.85,-0.98,1.39,2.39,1.31,3.93,1.64,0.38,3.25,-0.8,-0.69,-0.73,0.36,2.18,3.12,3.49,0.16,1.9,1.25,0.75,3.66,1.23,-0.42,2.19,0.72,1.34,0.5,2.39,-0.89,3.26,1.66,-0.22,3.7,-0.0,-0.59,2.31,-0.18,-0.19,-0.97,2.94,1.49,0.06,0.82,1.35,2.23,3.56,3.51,2.55,2.78,1.99,1.89,-0.65,3.47,1.42,3.49,2.71,-0.32,3.56,0.82,2.85,-0.53,3.33,-0.56,2.03,1.52,2.21,1.68,3.88,1.95,0.83,0.78,3.55,2.4,0.82,0.96,2.31
2.63,0.79,3.05,0.75,-0.42,1.89,0.47,3.01,2.6,1.83,1.27,3.7,2.82,3.6,3.63,1.3,-0.18,1.28,0.36,2.58,2.97,3.17,0.26,1.49,0.68,2.57,3.18,0.57,1.5,-0.47,0.45,0.89,3.78,-0.07,-0.72,2.9,-0.4,0.07,3.5,1.95,3.66,2.83,0.29,-0.2,2.9,-0.57,3.01,2.35,0.58,3.49,2.42,0.79,1.36,0.84,-0.26,-0.02,-0.09,1.3,2.43,2.88,1.35,0.85,0.19,2.26,1.2,2.57,3.73,-0.82,-0.56,3.95,-0.62,0.25,-0.35,-0.82,3.32,3.58,0.08,1.91,-0.27,-0.91,1.61,0.35,3.15,0.37,0.41,2.57,0.51,2.97,3.61,2.81,1.89,-0.19,0.39,1.23,3.95,-0.01,1.85,1.89,-0.05,0.36
2.2,0.11,0.49,-0.42,2.36,2.34,3.71,0.1,2.7,1.26,3.5,3.63,1.63,2.45,2.94,3.3,0.42,2.24,1.14,2.25,-0.3,0.94,0.55,2.07,-0.3,1.96,0.69,-0.6,1.12,2.05,1.27,3.66,2.99,0.14,1.74,-0.47,2.37,3.8,3.65,1.22,0.72,3.33,3.02,1.86,0.44,2.06,1.25,2.71,1.37,1.53,0.35,1.84,-0.11,3.92,2.8,2.65,-0.38,3.18,1.36,3.12,-0.49,1.99,1.32,2.67,-0.49,1.69,2.94,-0.66,0.58,1.66,3.91,2.85,0.56,3.81,-0.14,-0.03,-0.55,2.85,3.83,1.08,1.37,3.09,1.17,-0.7,2.25,1.21,2.35,0.34,2.33,3.17,-0.77,-0.08,0.38,1.63,-0.43,2.05,2.53,-0.1,0.56,1.23
1.85,2.39,2.45,0.19,0.13,0.77,-0.88,3.13,1.99,2.36,-0.9,3.75,-0.39,0.51,2.71,0.36,3.87,2.68,1.19,2.61,0.79,3.3,-0.94,0.11,2.74,0.33,2.18,-0.05,1.33,1.85,1.33,-0.49,1.74,-0.86,2.89,-0.35,0.3,0.66,3.3,1.42,3.65,3.4,3.13,0.35,3.04,0.62,-0.63,1.45,2.98,0.78,2.11,1.37,2.47,0.24,0.19,3.91,1.16,1.75,-0.37,3.21,-0.09,2.11,2.24,0.81,1.39,1.72,2.34,-0.8,0.48,4.0,0.74,3.46,1.45,2.18,2.27,1.53,3.71,0.59,-0.7,2.56,0.64,1.25,0.04,2.35,2.07,3.51,-0.1,1.06,1.07,1.77,0.61,-0.72,1.67,-0.64,0.16,3.2,1.76,1.4,0.68,2.65

3.57,-0.93,0.73,-0.4,2.1,1.24,2.34,0.22,-0.23,0.61,3.6,1.69,-0.98,-0.82,3.52,-0.49,1.21,1.1,3.98,3.22,-0.81,-0.07,1.19,0.06,-0.5,-0.08,1.82,0.89,2.17,1.01,2.38,0.12,1.7,2.86,1.12,2.35,2.46,0.55,2.07,3.31,1.7,0.09,0.27,-0.99,2.86,-0.07,0.7,0.55,2.45,-0.37,2.7,-0.25,-0.65,-0.08,3.34,0.53,1.11,-0.88,3.38,-0.12,1.92,-0.94,0.49,1.5,1.9,2.59,2.37,0.24,1.45,3.36,3.22,0.59,1.51,0.25,0.91,2.98,2.0,1.55,0.29,0.01,1.33,2.23,3.72,0.8,3.59,3.02,1.74,1.19,0.59,0.06,3.4,3.65,2.43,0.9,0.5,0.17,2.7,0.87,-0.87,3.5
2.1,-0.13,3.87,-0.91,0.0,-0.63,0.05,3.82,3.91,0.83,0.72,1.75,-0.27,3.69,3.59,-0.41,2.83,2.43,3.26,3.05,-0.82,1.29,-0.75,1.58,1.27,-0.47,0.05,2.86,2.19,2.76,0.47,0.93,2.69,3.13,1.16,-0.59,-0.43,0.03,1.7,3.72,-0.3,0.6,0.37,2.0,2.16,1.72,3.62,3.61,3.71,2.84,2.12,0.74,2.77,0.73,0.95,0.38,1.48,-0.31,2.0,1.98,2.79,2.2,2.73,2.58,2.54,0.53,2.5,1.85,3.02,3.19,3.42,0.12,2.51,-0.29,-0.34,3.12,3.9,1.83,3.47,3.09,2.19,3.47,0.52,2.85,-0.13,2.75,3.67,2.55,2.5,3.26,1.6,1.47,3.97,0.41,3.76,-0.45,3.82,-0.96,-0.18,3.35
2.99,1.4,1.37,3.71,0.77,2.85,1.27,-0.64,-0.31,1.68,1.6,2.62,2.86,-0.33,0.34,2.26,2.46,3.17,1.6,3.59,-0.81,2.96,-0.6,2.25,0.02,3.56,-0.41,2.01,1.11,2.23,2.06,-0.52,2.43,2.05,3.5,0.4,1.17,3.3,-0.22,0.07,1.34,0.22,1.95,-0.42,-0.42,-0.1,-0.75,3.71,0.04,-0.1,2.08,0.69,3.13,-0.96,0.81,-0.24,1.24,0.31,2.78,-0.02,-0.04,1.29,2.7,-0.71,2.56,-0.91,-0.61,-0.77,-0.3,0.73,1.83,3.38,3.52,1.52,1.07,2.89,1.1,2.24,3.04,0.3,2.85,2.27,-0.42,3.98,1.7,2.89,0.93,1.38,3.89,0.97,-0.23,-0.8,2.9,-0.95,0.77,1.79,-0.66,1.17,3.75,2.01
0.29,1.23,-0.22,-0.19,-0.04,2.38,-0.83,-0.48,0.96,-0.37,1.27,0.21,0.83,3.1,-0.39,1.95,2.97,2.62,0.49,1.31,-0.53,2.12,1.22,0.81,2.08,0.22,0.84,1.02,2.64,1.21,-0.77,3.27,2.66,-0.98,2.75,-0.68,2.75,2.04,3.87,1.22,-0.03,2.21,1.1,-0.69,2.36,0.44,3.16,2.04,-0.04,3.83,2.61,3.79,1.27,0.42,2.9,3.72,3.17,0.62,3.31,0.83,0.57,2.56,-0.8,1.09,1.89,3.55,-0.71,1.62,1.89,3.99,-0.57,2.28,3.62,-0.87,2.12,-0.41,2.23,-0.05,0.84,3.69,3.41,2.57,2.46,3.13,0.35,3.08,2.71,0.87,0.25,-0.7,-0.3,0.9,0.52,-0.6,2.69,-0.82,-0.04,3.98,1.52,-0.99


25 mm/s
10 mm/mV
100 Hz
8.0.1
12SL.4
CID: 1
EID:
EDT: 12:45 12-DEC-1999
ORDER:
ACCOUNT: 01235870887


